0.250000 0.003488 -0.005760 0.007951 -0.010088 0.011970 -0.013953 0.015317 -0.017182 0.017793 -0.019641 0.019241 -0.021238 0.019552 -0.021929 0.018670 -0.021727 0.016598 -0.020697 0.013393 -0.018953 0.009171 -0.016659 0.004097 -0.014013 -0.001618 -0.011241 -0.007729 -0.008576 -0.013962 -0.006383 
0.003488 0.000049 -0.000080 0.000111 -0.000141 0.000167 -0.000195 0.000214 -0.000240 0.000248 -0.000274 0.000268 -0.000296 0.000273 -0.000306 0.000261 -0.000303 0.000232 -0.000289 0.000187 -0.000264 0.000128 -0.000232 0.000057 -0.000196 -0.000023 -0.000157 -0.000108 -0.000120 -0.000195 
-0.585545 -0.008170 0.013491 -0.018623 0.023629 -0.028037 0.032680 -0.035875 0.040244 -0.041674 0.046003 -0.045065 0.049742 -0.045794 0.051362 -0.043729 0.050890 -0.038875 0.048476 -0.031369 0.044392 -0.021480 0.039018 -0.009596 0.032822 0.003790 0.026329 0.018102 0.020085 
-0.010926 -0.000152 0.000252 -0.000347 0.000441 -0.000523 0.000610 -0.000669 0.000751 -0.000778 0.000858 -0.000841 0.000928 -0.000854 0.000958 -0.000816 0.000950 -0.000725 0.000905 -0.000585 0.000828 -0.000401 0.000728 -0.000179 0.000612 0.000071 0.000491 0.000338 
0.674057 0.009406 -0.015530 0.021438 -0.027200 0.032275 -0.037620 0.041298 -0.046328 0.047973 -0.052957 0.051877 -0.057261 0.052716 -0.059126 0.050339 -0.058582 0.044751 -0.055803 0.036111 -0.051103 0.024727 -0.044915 0.011047 -0.037783 -0.004363 -0.030309 
0.017323 0.000242 -0.000399 0.000551 -0.000699 0.000829 -0.000967 0.001061 -0.001191 0.001233 -0.001361 0.001333 -0.001472 0.001355 -0.001520 0.001294 -0.001506 0.001150 -0.001434 0.000928 -0.001313 0.000635 -0.001154 0.000284 -0.000971 -0.000112 
-0.616181 -0.008598 0.014197 -0.019598 0.024865 -0.029504 0.034390 -0.037752 0.042350 -0.043854 0.048410 -0.047423 0.052345 -0.048190 0.054050 -0.046017 0.053552 -0.040909 0.051012 -0.033010 0.046715 -0.022604 0.041059 -0.010098 0.034539 
-0.019381 -0.000270 0.000447 -0.000616 0.000782 -0.000928 0.001082 -0.001187 0.001332 -0.001379 0.001523 -0.001492 0.001646 -0.001516 0.001700 -0.001447 0.001684 -0.001287 0.001605 -0.001038 0.001469 -0.000711 0.001291 -0.000318 
0.451343 0.006298 -0.010399 0.014355 -0.018213 0.021611 -0.025190 0.027653 -0.031021 0.032123 -0.035460 0.034737 -0.038342 0.035298 -0.039591 0.033707 -0.039226 0.029965 -0.037366 0.024180 -0.034218 0.016557 -0.030075 
0.015359 0.000214 -0.000354 0.000489 -0.000620 0.000735 -0.000857 0.000941 -0.001056 0.001093 -0.001207 0.001182 -0.001305 0.001201 -0.001347 0.001147 -0.001335 0.001020 -0.001272 0.000823 -0.001164 0.000563 
-0.225326 -0.003144 0.005192 -0.007166 0.009093 -0.010789 0.012576 -0.013805 0.015487 -0.016037 0.017703 -0.017342 0.019142 -0.017622 0.019765 -0.016828 0.019583 -0.014960 0.018654 -0.012071 0.017083 
-0.005532 -0.000077 0.000127 -0.000176 0.000223 -0.000265 0.000309 -0.000339 0.000380 -0.000394 0.000435 -0.000426 0.000470 -0.000433 0.000485 -0.000413 0.000481 -0.000367 0.000458 -0.000296 
-0.010701 -0.000149 0.000247 -0.000340 0.000432 -0.000512 0.000597 -0.000656 0.000735 -0.000762 0.000841 -0.000824 0.000909 -0.000837 0.000939 -0.000799 0.000930 -0.000710 0.000886 
-0.007840 -0.000109 0.000181 -0.000249 0.000316 -0.000375 0.000438 -0.000480 0.000539 -0.000558 0.000616 -0.000603 0.000666 -0.000613 0.000688 -0.000586 0.000681 -0.000521 
0.208519 0.002910 -0.004804 0.006632 -0.008414 0.009984 -0.011638 0.012776 -0.014331 0.014841 -0.016382 0.016048 -0.017714 0.016308 -0.018291 0.015572 -0.018122 
0.021113 0.000295 -0.000486 0.000671 -0.000852 0.001011 -0.001178 0.001294 -0.001451 0.001503 -0.001659 0.001625 -0.001794 0.001651 -0.001852 0.001577 
-0.331788 -0.004630 0.007644 -0.010552 0.013389 -0.015887 0.018518 -0.020328 0.022804 -0.023614 0.026067 -0.025535 0.028185 -0.025948 0.029104 
-0.030289 -0.000423 0.000698 -0.000963 0.001222 -0.001450 0.001690 -0.001856 0.002082 -0.002156 0.002380 -0.002331 0.002573 -0.002369 
0.362629 0.005060 -0.008355 0.011533 -0.014633 0.017363 -0.020239 0.022217 -0.024923 0.025809 -0.028490 0.027909 -0.030805 
0.032203 0.000449 -0.000742 0.001024 -0.001300 0.001542 -0.001797 0.001973 -0.002213 0.002292 -0.002530 0.002478 
-0.304185 -0.004244 0.007008 -0.009675 0.012275 -0.014565 0.016977 -0.018637 0.020907 -0.021649 0.023898 
-0.025529 -0.000356 0.000588 -0.000812 0.001030 -0.001222 0.001425 -0.001564 0.001755 -0.001817 
0.178612 0.002492 -0.004115 0.005681 -0.007208 0.008552 -0.009969 0.010943 -0.012276 
0.011295 0.000158 -0.000260 0.000359 -0.000456 0.000541 -0.000630 0.000692 
-0.021048 -0.000294 0.000485 -0.000669 0.000849 -0.001008 0.001175 
0.007240 0.000101 -0.000167 0.000230 -0.000292 0.000347 
-0.128954 -0.001799 0.002971 -0.004101 0.005204 
-0.025360 -0.000354 0.000584 -0.000807 
0.236556 0.003301 -0.005450 
0.038120 0.000532 
-0.279215 
