0.250000 -0.000000 -0.057339 0.000000 -0.086823 -0.000000 -0.093217 0.000000 -0.075811 -0.000000 -0.040812 0.000000 0.000687 -0.000000 0.036204 0.000000 0.055718 -0.000000 0.054658 0.000000 0.035112 -0.000000 0.004902 0.000000 -0.025143 -0.000000 -0.044800 0.000000 -0.047783 -0.000000 -0.033695 
0.006558 0.000000 -0.001504 -0.000000 -0.002277 0.000000 -0.002445 -0.000000 -0.001989 0.000000 -0.001071 -0.000000 0.000018 0.000000 0.000950 0.000000 0.001462 -0.000000 0.001434 0.000000 0.000921 -0.000000 0.000129 0.000000 -0.000660 -0.000000 -0.001175 0.000000 -0.001253 0.000000 
-0.581900 0.000000 0.133463 -0.000000 0.202088 0.000000 0.216971 -0.000000 0.176457 0.000000 0.094994 -0.000000 -0.001598 0.000000 -0.084268 -0.000000 -0.129689 0.000000 -0.127222 -0.000000 -0.081727 0.000000 -0.011410 -0.000000 0.058522 0.000000 0.104277 -0.000000 0.111220 
-0.020320 0.000000 0.004661 0.000000 0.007057 -0.000000 0.007577 0.000000 0.006162 -0.000000 0.003317 0.000000 -0.000056 -0.000000 -0.002943 -0.000000 -0.004529 0.000000 -0.004443 -0.000000 -0.002854 0.000000 -0.000398 -0.000000 0.002044 0.000000 0.003641 -0.000000 
0.659189 -0.000000 -0.151190 0.000000 -0.228930 -0.000000 -0.245790 0.000000 -0.199894 -0.000000 -0.107611 0.000000 0.001811 -0.000000 0.095461 0.000000 0.146915 -0.000000 0.144120 0.000000 0.092582 -0.000000 0.012926 0.000000 -0.066295 -0.000000 -0.118127 
0.031505 -0.000000 -0.007226 -0.000000 -0.010941 0.000000 -0.011747 -0.000000 -0.009554 0.000000 -0.005143 -0.000000 0.000087 0.000000 0.004562 0.000000 0.007021 -0.000000 0.006888 0.000000 0.004425 -0.000000 0.000618 0.000000 -0.003168 -0.000000 
-0.584178 0.000000 0.133986 0.000000 0.202880 -0.000000 0.217821 -0.000000 0.177148 0.000000 0.095366 -0.000000 -0.001605 0.000000 -0.084598 -0.000000 -0.130197 0.000000 -0.127720 -0.000000 -0.082047 0.000000 -0.011455 -0.000000 0.058751 
-0.033746 0.000000 0.007740 0.000000 0.011720 -0.000000 0.012583 0.000000 0.010233 -0.000000 0.005509 0.000000 -0.000093 -0.000000 -0.004887 -0.000000 -0.007521 0.000000 -0.007378 -0.000000 -0.004740 0.000000 -0.000662 -0.000000 
0.401625 -0.000000 -0.092116 0.000000 -0.139481 0.000000 -0.149753 0.000000 -0.121790 -0.000000 -0.065564 0.000000 0.001103 -0.000000 0.058162 0.000000 0.089511 -0.000000 0.087808 0.000000 0.056408 -0.000000 0.007875 
0.024109 -0.000000 -0.005530 -0.000000 -0.008373 0.000000 -0.008990 -0.000000 -0.007311 0.000000 -0.003936 -0.000000 0.000066 0.000000 0.003491 0.000000 0.005373 -0.000000 0.005271 0.000000 0.003386 -0.000000 
-0.164305 0.000000 0.037685 -0.000000 0.057061 -0.000000 0.061264 -0.000000 0.049824 0.000000 0.026822 -0.000000 -0.000451 0.000000 -0.023794 -0.000000 -0.036619 0.000000 -0.035922 -0.000000 -0.023076 
-0.003957 0.000000 0.000908 0.000000 0.001374 -0.000000 0.001476 0.000000 0.001200 -0.000000 0.000646 0.000000 -0.000011 0.000000 -0.000573 -0.000000 -0.000882 0.000000 -0.000865 -0.000000 
-0.070495 -0.000000 0.016169 0.000000 0.024482 -0.000000 0.026285 0.000000 0.021377 -0.000000 0.011508 0.000000 -0.000194 -0.000000 -0.010209 0.000000 -0.015711 -0.000000 -0.015413 
-0.021360 -0.000000 0.004899 -0.000000 0.007418 0.000000 0.007964 -0.000000 0.006477 0.000000 0.003487 -0.000000 -0.000059 -0.000000 -0.003093 0.000000 -0.004760 -0.000000 
0.251672 0.000000 -0.057723 -0.000000 -0.087403 0.000000 -0.093840 -0.000000 -0.076318 0.000000 -0.041085 -0.000000 0.000691 0.000000 0.036446 -0.000000 0.056091 
0.044088 0.000000 -0.010112 0.000000 -0.015311 -0.000000 -0.016439 0.000000 -0.013369 -0.000000 -0.007197 -0.000000 0.000121 0.000000 0.006385 -0.000000 
-0.344672 -0.000000 0.079053 0.000000 0.119701 -0.000000 0.128517 0.000000 0.104519 -0.000000 0.056267 0.000000 -0.000947 -0.000000 -0.049914 
-0.056496 -0.000000 0.012958 0.000000 0.019620 0.000000 0.021065 -0.000000 0.017132 0.000000 0.009223 0.000000 -0.000155 -0.000000 
0.338071 0.000000 -0.077539 -0.000000 -0.117409 0.000000 -0.126055 -0.000000 -0.102518 0.000000 -0.055189 -0.000000 0.000929 
0.053423 0.000000 -0.012253 -0.000000 -0.018553 0.000000 -0.019920 0.000000 -0.016200 0.000000 -0.008721 -0.000000 
-0.244611 -0.000000 0.056103 0.000000 0.084951 -0.000000 0.091207 0.000000 0.074176 -0.000000 0.039932 
-0.034139 -0.000000 0.007830 0.000000 0.011856 -0.000000 0.012729 0.000000 0.010352 -0.000000 
0.096534 0.000000 -0.022141 -0.000000 -0.033525 0.000000 -0.035994 -0.000000 -0.029273 
0.002915 0.000000 -0.000669 -0.000000 -0.001012 0.000000 -0.001087 -0.000000 
0.063477 -0.000000 -0.014559 0.000000 -0.022045 -0.000000 -0.023669 
0.031944 -0.000000 -0.007327 0.000000 -0.011094 -0.000000 
-0.193375 0.000000 0.044352 -0.000000 0.067157 
-0.060374 0.000000 0.013847 -0.000000 
0.262037 -0.000000 -0.060100 
0.073501 -0.000000 
-0.256267 
